0.3125 0.981061
0.3125 0.984047
0.307892 0.9905
0.291667 0.989629
0.291667 0.986396
wo
0.25 0.963734
0.25 0.966107
0.231451 0.974838
0.229167 0.97181
0.229167 0.966957
wo
0.208333 0.935683
0.208333 0.93835
0.19612 0.947416
0.1875 0.940516
0.1875 0.938436
wo
0.208333 0.773822
0.208333 0.793084
0.1875 0.80325
0.1875 0.803228
0.208274 0.773556
wo
0.208333 0.82705
0.208333 0.833186
0.204842 0.846384
0.1875 0.841895
0.1875 0.840098
wo
0.270833 0.814044
0.270833 0.814693
0.25 0.83007
0.25 0.819093
0.250903 0.81357
wo
0.208333 0.148607
0.208333 0.150815
0.1875 0.148471
0.1875 0.14687
0.204665 0.138816
wo
0.166667 0.117107
0.166667 0.120203
0.149916 0.127189
0.145833 0.119242
0.145833 0.110564
wo
0.0416667 0.065728
0.0416667 0.0715687
0.026356 0.078395
0.0208333 0.0551214
0.0208333 0.0548617
wo
0.9375 0.0980434
0.9375 0.103298
0.916667 0.108887
0.916667 0.107088
0.925892 0.090729
wo
0.770833 0.965004
0.770833 0.965287
0.75 0.96262
0.75 0.958564
0.757518 0.953882
wo
0.0625 0.89878
0.0625 0.900975
0.051322 0.942238
0.0416667 0.928935
0.0416667 0.916274
wo
0.0833333 0.935263
0.0833333 0.93806
0.064853 0.96558
0.0625 0.961521
0.0625 0.939802
wo
0.166667 0.960293
0.166667 0.967708
0.164512 0.969347
0.145833 0.963552
0.145833 0.963014
wo
0.0833333 0.985012
0.0833333 0.993981
0.0625 0.998186
0.0625 0.992757
0.073508 0.983883
wo
0.270833 0.988246
0.270833 0.991718
0.25 0.997027
0.25 0.991073
0.255302 0.987017
wo
0.270833 0.975438
0.270833 0.97799
0.255302 0.987017
0.25 0.985486
0.25 0.979904
wo
0.333333 0.960824
0.333333 0.962622
0.324783 0.970169
0.3125 0.967071
0.3125 0.965824
wo
0.3125 0.950909
0.3125 0.951349
0.297648 0.961933
0.291667 0.959002
0.291667 0.955637
wo
0.4375 0.991781
0.4375 0.994159
0.424682 1
0.416667 0.993132
0.416667 0.992435
wo
0.208333 0.953398
0.208333 0.954323
0.1875 0.957412
0.1875 0.952944
0.19612 0.947416
wo
0.333333 0.907033
0.333333 0.908475
0.3125 0.913861
0.3125 0.913566
0.321999 0.900336
wo
0.3125 0.932219
0.3125 0.933934
0.291667 0.938762
0.291667 0.937981
0.302015 0.926836
wo
0.166667 0.909043
0.166667 0.915587
0.145833 0.918995
0.145833 0.917717
0.161913 0.90101
wo
0.0625 0.190803
0.0625 0.19577
0.0544 0.210031
0.0416667 0.192928
0.0416667 0.191332
wo
0.0625 0.150601
0.0625 0.152354
0.0416667 0.147625
0.0416667 0.13316
0.046319 0.127992
wo
0.145833 0.168089
0.145833 0.168865
0.129663 0.179508
0.125 0.171211
0.125 0.165283
wo
0.4375 0.117369
0.4375 0.119288
0.416667 0.116129
0.416667 0.114424
0.422741 0.096666
wo
0.375 0.0843456
0.375 0.0967314
0.374048 0.102032
0.354167 0.0927472
0.354167 0.0911899
wo
0.479167 0.0254955
0.479167 0.0266244
0.458333 0.0263371
0.458333 0.00752227
0.461954 0
wo
0.479167 0.0794672
0.479167 0.0866945
0.471568 0.10358
0.458333 0.0798822
0.458333 0.0768498
wo
0.270833 0.0438521
0.270833 0.0448714
0.263386 0.059911
0.25 0.0501114
0.25 0.0447444
wo
0.270833 0.069571
0.270833 0.0758509
0.25 0.0749281
0.25 0.0737119
0.263386 0.059911
wo
0.125 0.13518
0.125 0.139511
0.111363 0.147368
0.104167 0.13456
0.104167 0.128687
wo
0.104167 0.0948073
0.104167 0.0989649
0.088642 0.105798
0.0833333 0.0949129
0.0833333 0.0857702
wo
0.0625 0.113934
0.0625 0.118953
0.046319 0.127992
0.0416667 0.119101
0.0416667 0.105871
wo
0.0833333 0.0515147
0.0833333 0.057052
0.068169 0.060989
0.0625 0.0464735
0.0625 0.0406286
wo
0.166667 0.055762
0.166667 0.0593863
0.145833 0.0503265
0.145833 0.0466228
0.163543 0.04437
wo
0.145833 0.0796258
0.145833 0.0851798
0.130942 0.089545
0.125 0.0765776
0.125 0.0711995
wo
0.208333 0.0988304
0.208333 0.102175
0.192175 0.109715
0.1875 0.0995664
0.1875 0.0937121
wo
0.125 0.0109627
0.125 0.0155312
0.105124 0.015913
0.104167 0.00943596
0.104167 0.000687841
wo
0.958333 0.0605196
0.958333 0.0621731
0.9375 0.0716228
0.9375 0.068773
0.943317 0.05348
wo
0.8125 0.0380985
0.8125 0.043433
0.791667 0.0494993
0.791667 0.0447776
0.792497 0.030211
wo
0.708333 0.0801419
0.708333 0.0825669
0.688948 0.099353
0.6875 0.0910373
0.6875 0.0779467
wo
0.583333 0.0321459
0.583333 0.0370353
0.576328 0.065684
0.5625 0.045861
0.5625 0.0423721
wo
0.895833 0.14325
0.895833 0.146017
0.890301 0.157141
0.875 0.145455
0.875 0.144571
wo
0.833333 0.0827134
0.833333 0.0882849
0.826997 0.100801
0.8125 0.0869311
0.8125 0.084327
wo
0.583333 0.250711
0.583333 0.252392
0.5625 0.269514
0.5625 0.267774
0.573201 0.233448
wo
0.75 0.978511
0.75 0.9795
0.729167 0.977256
0.729167 0.971907
0.732757 0.969465
wo
0.645833 0.982323
0.645833 0.982594
0.63019 0.987821
0.625 0.977218
0.625 0.975444
wo
0.770833 0.994216
0.770833 0.9944
0.762615 1
0.75 0.996756
0.75 0.993431
wo
0.9375 0.992694
0.9375 0.998483
0.916667 0.995512
0.916667 0.989042
0.929689 0.98733
wo
0.9375 0.970571
0.9375 0.973276
0.929689 0.98733
0.916667 0.981
0.916667 0.971872
wo
0.104167 0.906107
0.104167 0.912595
0.085533 0.934784
0.0833333 0.908668
0.0833333 0.907031
wo
0.145833 0.977875
0.145833 0.981437
0.125 0.985598
0.125 0.975949
0.125044 0.975908
wo
0.333333 0.982233
0.333333 0.983587
0.3125 0.989248
0.3125 0.984047
0.315109 0.980393
wo
0.3125 0.980044
0.3125 0.981061
0.291667 0.986396
0.291667 0.980086
0.29451 0.977639
wo
0.291667 0.963231
0.291667 0.965552
0.277792 0.973946
0.270833 0.970701
0.270833 0.967751
wo
0.479167 0.978084
0.479167 0.979238
0.458333 0.981768
0.458333 0.980789
0.467386 0.971445
wo
0.25 0.957342
0.25 0.963734
0.229167 0.966957
0.229167 0.965862
0.248598 0.956365
wo
0.229167 0.97181
0.229167 0.975064
0.208333 0.977128
0.208333 0.973691
0.225889 0.967464
wo
0.208333 0.930794
0.208333 0.935683
0.1875 0.938436
0.1875 0.936985
0.202613 0.925151
wo
0.1875 0.940516
0.1875 0.948467
0.166667 0.951006
0.166667 0.950307
0.18527 0.938731
wo
0.208333 0.897867
0.208333 0.899777
0.194344 0.913067
0.1875 0.89994
0.1875 0.899081
wo
0.25 0.938491
0.25 0.939801
0.238003 0.949892
0.229167 0.945172
0.229167 0.942347
wo
0.229167 0.766263
0.229167 0.768333
0.212207 0.791194
0.208333 0.773822
0.208333 0.773535
wo
0.208333 0.793084
0.208333 0.797427
0.196142 0.817044
0.1875 0.803298
0.1875 0.80325
wo
0.208333 0.824622
0.208333 0.82705
0.1875 0.840098
0.1875 0.836742
0.196142 0.817044
wo
0.270833 0.814693
0.270833 0.818758
0.268379 0.832287
0.25 0.831647
0.25 0.83007
wo
0.25 0.814228
0.25 0.819093
0.247959 0.831576
0.229167 0.830184
0.229167 0.829414
wo
0.104167 0.175894
0.104167 0.177131
0.0833333 0.174456
0.0833333 0.16962
0.094229 0.159552
wo
0.25 0.141309
0.25 0.142993
0.229167 0.141537
0.229167 0.141174
0.247446 0.131399
wo
0.208333 0.150815
0.208333 0.151335
0.189891 0.160371
0.1875 0.154693
0.1875 0.148471
wo
0.4375 0.052351
0.4375 0.055623
0.430075 0.07569
0.416667 0.0628694
0.416667 0.0553181
wo
0.375 0.0616735
0.375 0.0660767
0.354167 0.0731291
0.354167 0.0671176
0.355394 0.054211
wo
0.229167 0.083988
0.229167 0.0879301
0.208333 0.0844603
0.208333 0.0818471
0.222366 0.072797
wo
0.166667 0.109758
0.166667 0.117107
0.145833 0.110564
0.145833 0.106991
0.16242 0.101053
wo
0.145833 0.119242
0.145833 0.125883
0.125 0.119221
0.125 0.115234
0.140517 0.108894
wo
0.0833333 0.103565
0.0833333 0.108394
0.067807 0.115988
0.0625 0.104511
0.0625 0.0948034
wo
0.0416667 0.0525795
0.0416667 0.065728
0.0208333 0.0548617
0.0208333 0.0547884
0.038983 0.045335
wo
0.166667 0.0726693
0.166667 0.0789774
0.153795 0.082846
0.145833 0.0653412
0.145833 0.0649313
wo
0.9375 0.103298
0.9375 0.112325
0.932368 0.121623
0.916667 0.110085
0.916667 0.108887
wo
0.958333 0.145643
0.958333 0.149102
0.9375 0.152851
0.9375 0.152357
0.948424 0.134293
wo
0.875 0.0982186
0.875 0.0987932
0.854167 0.0996622
0.854167 0.0949339
0.862612 0.08241
wo
0.895833 0.0493895
0.895833 0.0527765
0.878997 0.065678
0.875 0.0497991
0.875 0.0490945
wo
0.875 0.0164212
0.875 0.0316991
0.874947 0.032023
0.854167 0.0296279
0.854167 0.0264091
wo
0.645833 0.0337341
0.645833 0.0538746
0.625 0.0554817
0.625 0.0551628
0.643684 0.027121
wo
0.833333 0.794563
0.833333 0.802574
0.829925 0.814091
0.8125 0.78507
0.8125 0.784738
wo
0.770833 0.965287
0.770833 0.965627
0.760892 0.972817
0.75 0.965539
0.75 0.96262
wo
0.833333 0.956174
0.833333 0.961062
0.8125 0.959806
0.8125 0.959709
0.823406 0.950221
wo
0.770833 0.985759
0.770833 0.987744
0.75 0.986689
0.75 0.981612
0.752372 0.979755
wo
0.708333 0.982824
0.708333 0.98614
0.70175 0.990819
0.6875 0.981912
0.6875 0.979979
wo
0.895833 0.997041
0.895833 0.999779
0.875 0.997039
0.875 0.992906
0.893057 0.992145
wo
0.895833 0.97281
0.895833 0.974969
0.880463 0.982514
0.875 0.979404
0.875 0.972311
wo
0.895833 0.914275
0.895833 0.921166
0.89039 0.934285
0.875 0.914672
0.875 0.912783
wo
0.0625 0.895574
0.0625 0.89878
0.0416667 0.916274
0.0416667 0.905987
0.05502 0.870714
wo
0.0416667 0.928935
0.0416667 0.953105
0.0208333 0.976552
0.0208333 0.954268
0.035957 0.921069
wo
0.104167 0.876914
0.104167 0.884884
0.0833333 0.906892
0.0833333 0.90627
0.089308 0.872901
wo
0.0833333 0.908668
0.0833333 0.935263
0.0625 0.939802
0.0625 0.929893
0.083196 0.907037
wo
0.0625 0.961521
0.0625 0.966829
0.0416667 0.977886
0.0416667 0.953105
0.051322 0.942238
wo
0.104167 0.948264
0.104167 0.948507
0.0833333 0.957555
0.0833333 0.93806
0.085533 0.934784
wo
0.125 0.975887
0.125 0.975915
0.104167 0.979139
0.104167 0.966905
0.105159 0.966355
wo
0.166667 0.951979
0.166667 0.960293
0.145833 0.963014
0.145833 0.962464
0.165271 0.951176
wo
0.1875 0.961271
0.1875 0.964398
0.166667 0.968883
0.166667 0.967708
0.17844 0.958755
wo
0.125 0.975915
0.125 0.975949
0.111645 0.988265
0.104167 0.987406
0.104167 0.979139
wo
0.0625 0.986297
0.0625 0.992757
0.053516 1
0.0416667 1
0.0416667 0.990864
wo
0.291667 0.978319
0.291667 0.980086
0.281231 0.989069
0.270833 0.988246
0.270833 0.983302
wo
0.25 0.988256
0.25 0.991073
0.23833 1
0.229167 1
0.229167 0.993126
wo
0.25 0.985486
0.25 0.988256
0.229167 0.993126
0.229167 0.986691
0.238905 0.982283
wo
0.291667 0.977011
0.291667 0.978319
0.270833 0.983302
0.270833 0.97799
0.277792 0.973946
wo
0.270833 0.970701
0.270833 0.975438
0.25 0.979904
0.25 0.97682
0.266516 0.968688
wo
0.333333 0.959124
0.333333 0.960824
0.3125 0.965824
0.3125 0.964531
0.324186 0.95576
wo
0.291667 0.959002
0.291667 0.963231
0.270833 0.967751
0.270833 0.966158
0.286973 0.956702
wo
0.3125 0.950221
0.3125 0.950909
0.291667 0.955637
0.291667 0.953234
0.302752 0.945044
wo
0.479167 0.979238
0.479167 0.980657
0.469386 0.990087
0.458333 0.982623
0.458333 0.981768
wo
0.5 0.893946
0.5 0.895753
0.484683 0.902888
0.479167 0.892774
0.479167 0.892679
wo
0.4375 0.987428
0.4375 0.991781
0.416667 0.992435
0.416667 0.992087
0.433208 0.98423
wo
0.416667 0.993132
0.416667 1
0.395833 1
0.395833 0.999569
0.415882 0.99246
wo
0.270833 0.952033
0.270833 0.95445
0.257507 0.962573
0.25 0.957342
0.25 0.956092
wo
0.208333 0.954323
0.208333 0.95492
0.193844 0.963032
0.1875 0.961271
0.1875 0.957412
wo
0.1875 0.948467
0.1875 0.952944
0.17844 0.958755
0.166667 0.951979
0.166667 0.951006
wo
0.25 0.917742
0.25 0.919021
0.239061 0.930667
0.229167 0.923068
0.229167 0.921403
wo
0.25 0.916163
0.25 0.917742
0.229167 0.921403
0.229167 0.919894
0.240907 0.907784
wo
0.208333 0.890999
0.208333 0.897867
0.1875 0.899081
0.1875 0.898716
0.205625 0.882473
wo
0.333333 0.908475
0.333333 0.910283
0.325032 0.921269
0.3125 0.914077
0.3125 0.913861
wo
0.3125 0.933934
0.3125 0.935625
0.302752 0.945044
0.291667 0.939443
0.291667 0.938762
wo
0.270833 0.947862
0.270833 0.952033
0.25 0.956092
0.25 0.955362
0.264839 0.944741
wo
0.25 0.93697
0.25 0.938491
0.229167 0.942347
0.229167 0.939548
0.239061 0.930667
wo
0.25 0.693074
0.25 0.699065
0.229167 0.71835
0.229167 0.717819
0.23868 0.685018
wo
0.25 0.720182
0.25 0.721359
0.229611 0.744769
0.229167 0.726979
0.229167 0.718561
wo
0.229167 0.726979
0.229167 0.744914
0.208333 0.751716
0.208333 0.748967
0.228956 0.718545
wo
0.166667 0.826879
0.166667 0.833789
0.145833 0.845689
0.145833 0.839007
0.161192 0.815883
wo
0.166667 0.915587
0.166667 0.918446
0.156312 0.928528
0.145833 0.920371
0.145833 0.918995
wo
0.166667 0.833789
0.166667 0.839329
0.159166 0.859127
0.145833 0.853039
0.145833 0.845689
wo
0.5 0.891572
0.5 0.893946
0.479167 0.892679
0.479167 0.892613
0.487858 0.882429
wo
0.291667 0.816118
0.291667 0.820282
0.286878 0.834133
0.270833 0.832532
0.270833 0.830583
wo
0.291667 0.814739
0.291667 0.816118
0.270833 0.830583
0.270833 0.818758
0.271685 0.814064
wo
0.25 0.813459
0.25 0.814228
0.229167 0.829414
0.229167 0.826413
0.233064 0.811386
wo
0.0625 0.186723
0.0625 0.190803
0.0416667 0.191332
0.0416667 0.188971
0.050769 0.170303
wo
0.0416667 0.126426
0.0416667 0.13316
0.030854 0.14517
0.0208333 0.134528
0.0208333 0.119415
wo
0.0625 0.152354
0.0625 0.154688
0.050769 0.170303
0.0416667 0.158816
0.0416667 0.147625
wo
0.104167 0.177131
0.104167 0.178026
0.090193 0.191543
0.0833333 0.180957
0.0833333 0.174456
wo
0.104167 0.145337
0.104167 0.152485
0.094229 0.159552
0.0833333 0.142144
0.0833333 0.139458
wo
0.145833 0.16637
0.145833 0.168089
0.125 0.165283
0.125 0.162574
0.139199 0.153813
wo
0.4375 0.119288
0.4375 0.123208
0.431383 0.137912
0.416667 0.116839
0.416667 0.116129
wo
0.25 0.142993
0.25 0.143254
0.231948 0.152643
0.229167 0.143475
0.229167 0.141537
wo
0.395833 0.0959403
0.395833 0.0980663
0.375 0.101859
0.375 0.0967314
0.377364 0.083569
wo
0.395833 0.0980663
0.395833 0.106975
0.393482 0.115797
0.375 0.102706
0.375 0.101859
wo
0.1875 0.160128
0.1875 0.161631
0.171128 0.17026
0.166667 0.16076
0.166667 0.158013
wo
0.1875 0.154693
0.1875 0.160128
0.166667 0.158013
0.166667 0.157198
0.184749 0.148161
wo
0.5625 0.00172751
0.5625 0.0189187
0.560687 0.043262
0.541667 0.0330023
0.541667 0.0272704
wo
0.458333 0
0.458333 0.00752227
0.449337 0.026213
0.4375 0.0112726
0.4375 0
wo
0.479167 0.0266244
0.479167 0.0281952
0.467268 0.052326
0.458333 0.0393144
0.458333 0.0263371
wo
0.520833 0
0.520833 0.0127282
0.510065 0.028103
0.5 0.00838899
0.5 0
wo
0.479167 0.074196
0.479167 0.0794672
0.458333 0.0768498
0.458333 0.0725071
0.467268 0.052326
wo
0.4375 0.0509073
0.4375 0.052351
0.416667 0.0553181
0.416667 0.0345972
0.417694 0.031354
wo
0.354167 0.0547024
0.354167 0.0671176
0.353576 0.073329
0.333333 0.0675698
0.333333 0.0630443
wo
0.416667 0.0317146
0.416667 0.0345972
0.409793 0.056297
0.395833 0.0482269
0.395833 0.0390275
wo
0.291667 0.0562896
0.291667 0.0589211
0.270833 0.0596503
0.270833 0.0448714
0.271349 0.04383
wo
0.208333 0.057027
0.208333 0.0576542
0.1875 0.0552694
0.1875 0.0500394
0.189455 0.043554
wo
0.291667 0.0589211
0.291667 0.0623103
0.275846 0.076073
0.270833 0.069571
0.270833 0.0596503
wo
0.270833 0.0758509
0.270833 0.0801142
0.257435 0.090916
0.25 0.0769956
0.25 0.0749281
wo
0.208333 0.0576542
0.208333 0.0586
0.195821 0.068475
0.1875 0.0571662
0.1875 0.0552694
wo
0.229167 0.0879301
0.229167 0.0900197
0.213029 0.099984
0.208333 0.0904574
0.208333 0.0844603
wo
0.1875 0.108354
0.1875 0.111632
0.170901 0.118437
0.166667 0.109758
0.166667 0.102289
wo
0.125 0.0869904
0.125 0.0915221
0.108924 0.096871
0.104167 0.0868485
0.104167 0.0780339
wo
0.145833 0.125883
0.145833 0.129127
0.129878 0.1367
0.125 0.127639
0.125 0.119221
wo
0.125 0.127639
0.125 0.13518
0.104167 0.128687
0.104167 0.125381
0.119526 0.11747
wo
0.104167 0.13456
0.104167 0.145337
0.0833333 0.139458
0.0833333 0.137645
0.100167 0.127441
wo
0.104167 0.0868485
0.104167 0.0948073
0.0833333 0.0857702
0.0833333 0.0813079
0.09891 0.075774
wo
0.0833333 0.0949129
0.0833333 0.103565
0.0625 0.0948034
0.0625 0.0900048
0.077678 0.083317
wo
0.0625 0.104511
0.0625 0.113934
0.0416667 0.105871
0.0416667 0.0988674
0.056928 0.09246
wo
0.0416667 0.119101
0.0416667 0.126426
0.0208333 0.119415
0.0208333 0.106156
0.032986 0.102512
wo
0.0625 0.0579484
0.0625 0.063174
0.047704 0.068877
0.0416667 0.0525795
0.0416667 0.0467744
wo
0.0625 0.0464735
0.0625 0.0579484
0.0416667 0.0467744
0.0416667 0.0445286
0.059632 0.03913
wo
0.0833333 0.0354334
0.0833333 0.0354799
0.0625 0.0240532
0.0625 0.0178844
0.077808 0.016997
wo
0.104167 0.0304373
0.104167 0.0334476
0.08335 0.035489
0.0833333 0.0354334
0.0833333 0.0198144
wo
0.145833 0.0653412
0.145833 0.0796258
0.125 0.0711995
0.125 0.0693197
0.145609 0.064848
wo
0.125 0.0765776
0.125 0.0869904
0.104167 0.0780339
0.104167 0.0744526
0.121975 0.069976
wo
0.208333 0.0904574
0.208333 0.0988304
0.1875 0.0937121
0.1875 0.0916338
0.205113 0.083924
wo
0.1875 0.0995664
0.1875 0.108354
0.166667 0.102289
0.166667 0.0994945
0.184459 0.092965
wo
0.104167 0.00943596
0.104167 0.0154251
0.102772 0
0.0833333 0.00480832
0.0833333 0
wo
0.1875 0.0436156
0.1875 0.0500394
0.185976 0.055095
0.166667 0.0458634
0.166667 0.0442716
wo
0.958333 0.110692
0.958333 0.114225
0.9375 0.120161
0.9375 0.112325
0.943349 0.101729
wo
0.958333 0.0621731
0.958333 0.0661191
0.952441 0.081762
0.9375 0.0729864
0.9375 0.0716228
wo
0.958333 0.149102
0.958333 0.153295
0.950688 0.166955
0.9375 0.153259
0.9375 0.152851
wo
0.958333 0.114225
0.958333 0.119185
0.948424 0.134293
0.9375 0.125673
0.9375 0.120161
wo
0.875 0.0655917
0.875 0.0697597
0.862612 0.08241
0.854167 0.0687056
0.854167 0.065142
wo
0.875 0.0987932
0.875 0.099517
0.865542 0.115612
0.854167 0.103339
0.854167 0.0996622
wo
0.875 0.0497991
0.875 0.0655917
0.854167 0.065142
0.854167 0.0635375
0.874822 0.049092
wo
0.895833 0.016041
0.895833 0.0204228
0.875 0.0319936
0.875 0.0316991
0.877712 0.015121
wo
0.6875 0.0910373
0.6875 0.0994577
0.666667 0.100964
0.666667 0.0986692
0.685178 0.077702
wo
0.708333 0.0577639
0.708333 0.0580688
0.6875 0.0546472
0.6875 0.0473404
0.70477 0.032298
wo
0.6875 0
0.6875 0.0125967
0.674209 0.026832
0.666667 0.00260994
0.666667 0
wo
0.625 0
0.625 0.0108209
0.613435 0.028474
0.604167 0.0113038
0.604167 0
wo
0.645833 0.0538746
0.645833 0.0626749
0.633094 0.081214
0.625 0.0561915
0.625 0.0554817
wo
0.583333 0.0294211
0.583333 0.0321459
0.5625 0.0423721
0.5625 0.0189187
0.563909 0
wo
0.895833 0.142027
0.895833 0.14325
0.875 0.144571
0.875 0.142441
0.880968 0.130169
wo
0.8125 0.0646183
0.8125 0.0792665
0.809982 0.084522
0.791667 0.0718572
0.791667 0.068942
wo
0.833333 0.0789055
0.833333 0.0827134
0.8125 0.084327
0.8125 0.0792665
0.820293 0.063001
wo
0.583333 0.252392
0.583333 0.254361
0.574575 0.28746
0.5625 0.271101
0.5625 0.269514
wo
0.6875 0.0994577
0.6875 0.101048
0.669286 0.122368
0.666667 0.110735
0.666667 0.100964
wo
0.875 0.890145
0.875 0.902144
0.873429 0.91267
0.854167 0.893162
0.854167 0.892376
wo
0.875 0.871479
0.875 0.888342
0.854167 0.869933
0.854167 0.868886
0.873863 0.859939
wo
0.895833 0.856723
0.895833 0.859442
0.875 0.859913
0.875 0.85165
0.877452 0.833775
wo
0.833333 0.792101
0.833333 0.794563
0.8125 0.784738
0.8125 0.783211
0.816333 0.763968
wo
0.8125 0.974184
0.8125 0.975056
0.791667 0.974772
0.791667 0.972767
0.798865 0.967545
wo
0.6875 0.914322
0.6875 0.915338
0.674534 0.923431
0.666667 0.910289
0.666667 0.907092
wo
0.6875 0.912273
0.6875 0.914322
0.666667 0.907092
0.666667 0.905363
0.682044 0.899689
wo
0.833333 0.961062
0.833333 0.967359
0.829311 0.96991
0.8125 0.959863
0.8125 0.959806
wo
0.8125 0.988449
0.8125 0.990507
0.810224 0.994613
0.791667 0.990861
0.791667 0.988244
wo
0.75 0.9795
0.75 0.981612
0.743908 0.98638
0.729167 0.979633
0.729167 0.977256
wo
0.520833 0.957976
0.520833 0.959147
0.511156 0.965897
0.5 0.958077
0.5 0.955316
wo
0.520833 0.955979
0.520833 0.957976
0.5 0.955316
0.5 0.953449
0.516407 0.949185
wo
0.479167 0.997556
0.479167 1
0.458333 1
0.458333 0.997253
0.469386 0.990087
wo
0.645833 0.981913
0.645833 0.982323
0.625 0.975444
0.625 0.974588
0.636201 0.969033
wo
0.75 0.996756
0.75 1
0.729167 1
0.729167 0.996901
0.734847 0.99286
wo
0.708333 0.980885
0.708333 0.982824
0.6875 0.979979
0.6875 0.976857
0.694617 0.972216
wo
0.6875 0.998007
0.6875 1
0.666667 1
0.666667 0.993303
0.672156 0.987946
wo
0.833333 0.991317
0.833333 0.994216
0.8125 0.994574
0.8125 0.990507
0.813635 0.98846
wo
0.958333 0.992492
0.958333 1
0.948138 1
0.9375 0.992694
0.9375 0.988738
wo
0.875 0.979404
0.875 0.981997
0.854167 0.980027
0.854167 0.974805
0.861991 0.971999
wo
0.958333 0.979813
0.958333 0.992492
0.9375 0.988738
0.9375 0.973276
0.939057 0.970474
wo
0.895833 0.883753
0.895833 0.88827
0.87682 0.88995
0.875 0.871479
0.875 0.861171
wo
0.895833 0.911349
0.895833 0.914275
0.875 0.912783
0.875 0.902144
0.87682 0.88995
wo
0.895833 0.944625
0.895833 0.953722
0.875 0.946375
0.875 0.945402
0.89039 0.934285
wo
0.9375 0.968061
0.9375 0.969862
0.916667 0.961673
0.916667 0.944825
0.920632 0.941916
wo
