-1.75072 1.6538 -1.50725
-1.72131 1.24682 -1.77159
-1.95915 0.531687 -1.82091
-1.81537 -0.747415 -1.60849
-1.60776 -1.40547 -1.29825
-1.37321 -1.70277 -0.964273
-1.69687 2.06608 -1.22228
-1.82734 1.42459 -0.90601
-2.11219 0.658598 -1.00093
-1.76962 -0.716484 -1.02234
-1.07047 -1.29032 -0.975966
-1.14159 -1.85349 -0.913536
-0.899523 2.47007 -0.608145
-1.04006 1.97841 -0.198878
-0.370542 0.668102 -0.512771
-0.918007 -0.602932 0.467991
-0.858116 -1.96744 0.249958
-0.89297 -2.84734 -0.299001
0.60152 2.27767 -0.621531
0.752786 1.94985 -0.566325
0.254912 0.893371 -0.147028
0.915195 -0.785299 0.909998
0.839938 -1.87742 -0.138672
0.992264 -2.49533 0.317975
1.52441 2.31 -0.988699
1.78595 1.67112 -0.301491
1.79894 0.558626 -1.13354
1.86433 -0.679873 -1.02082
1.07594 -1.43081 -0.854521
1.06934 -2.02035 -1.21565
1.78979 1.86532 -1.18742
1.89213 1.42456 -1.51961
2.00775 0.642028 -1.20607
1.95693 -0.784037 -1.82647
1.56877 -1.46381 -1.41881
1.42344 -1.7485 -0.950918
